1.723534610251781629e+01
2.374025900173126757e+01
2.927790238704580972e+01
3.399322329372917295e+01
3.824153908683774716e+01
4.211849603604817105e+01
4.590176071377342737e+01
4.981332741226641758e+01
5.372309206669404347e+01
5.761709613633392024e+01
6.141201721850450923e+01
6.505499968903552599e+01
6.870625158788953968e+01
7.232855289840846069e+01
7.610856753521913731e+01
7.967932986368711568e+01
8.338982080423021159e+01
8.735755422785702251e+01
9.086575359690107234e+01
9.452813237149354109e+01
9.818657472899619165e+01
1.018900516444201401e+02
1.055391111887589517e+02
1.091562934519248529e+02
1.127313664346858815e+02
1.161624266783132384e+02
1.198129950434584288e+02
1.234741714116676548e+02
1.269104398256392585e+02
1.303914993612188766e+02
1.339133938351851327e+02
1.373766510762239648e+02
1.408121974962340346e+02
1.442458714241836049e+02
1.476684113490335051e+02
1.511280684677824127e+02
1.545882471265768459e+02
1.580156144455845890e+02
1.614689138961655885e+02
1.649076826291263558e+02
1.682887418824079475e+02
1.717286251514280764e+02
1.752327912998215425e+02
1.786592865277222018e+02
1.820370812262076186e+02
1.854913966288526694e+02
1.889993213316152492e+02
1.924800625852807059e+02
1.959304422691726302e+02
1.993781095176549627e+02
2.028277547675294272e+02
2.062754524727609748e+02
2.097238400930244211e+02
2.131734622915416253e+02
2.166137305178633312e+02
2.200356531774087614e+02
2.234500784952909953e+02
2.268786249615302211e+02
2.303302751759861451e+02
2.337986437443572072e+02
2.372663890035241252e+02
